Reference: Bemand, P.P.; Clyne, M.A.A.; Watson, R.T. // J. Chem. Soc. Faraday Trans. 2. 70 (1974), 564.
Systematic error = -1.703e-01, total error = 1.898e-01
lg T, eV; lg K
-1.590e+00 1.275e+01
-1.550e+00 1.273e+01
-1.550e+00 1.268e+01
-1.523e+00 1.267e+01
-1.523e+00 1.265e+01
-1.523e+00 1.266e+01
-1.523e+00 1.266e+01
-1.523e+00 1.265e+01
-1.516e+00 1.279e+01
-1.516e+00 1.278e+01
-1.510e+00 1.249e+01
-1.510e+00 1.258e+01
-1.510e+00 1.257e+01
-1.510e+00 1.265e+01
-1.510e+00 1.262e+01
-1.510e+00 1.263e+01
-1.415e+00 1.246e+01
-1.415e+00 1.255e+01
-1.415e+00 1.253e+01
-1.415e+00 1.249e+01
-1.415e+00 1.246e+01
-1.415e+00 1.249e+01
-1.415e+00 1.252e+01
-1.415e+00 1.253e+01
-1.313e+00 1.250e+01
-1.313e+00 1.252e+01
-1.313e+00 1.250e+01
-1.313e+00 1.251e+01
-1.313e+00 1.250e+01
-1.313e+00 1.249e+01
-1.300e+00 1.255e+01
-1.300e+00 1.254e+01
-1.300e+00 1.251e+01
-1.300e+00 1.260e+01
-1.299e+00 1.253e+01
-1.299e+00 1.253e+01
-1.299e+00 1.260e+01
-1.299e+00 1.257e+01
-1.299e+00 1.257e+01
-1.299e+00 1.256e+01
-1.208e+00 1.251e+01
-1.208e+00 1.252e+01
-1.208e+00 1.249e+01
-1.208e+00 1.252e+01
-1.208e+00 1.248e+01
-1.197e+00 1.247e+01
-1.197e+00 1.257e+01
-1.197e+00 1.250e+01
-1.197e+00 1.253e+01
-1.197e+00 1.254e+01
-1.197e+00 1.249e+01
-1.185e+00 1.250e+01
-1.185e+00 1.259e+01
-1.185e+00 1.254e+01
-1.185e+00 1.254e+01
-1.185e+00 1.253e+01
-1.185e+00 1.258e+01
-1.185e+00 1.249e+01
-1.185e+00 1.254e+01
-1.179e+00 1.269e+01
-1.179e+00 1.264e+01
-1.046e+00 1.233e+01
-1.046e+00 1.234e+01
-1.046e+00 1.250e+01
-1.046e+00 1.253e+01
-1.046e+00 1.256e+01
-1.046e+00 1.253e+01
-1.041e+00 1.249e+01
-1.041e+00 1.250e+01
-1.041e+00 1.248e+01
-1.041e+00 1.249e+01
