Reference: Davis, D.D.; Herron, J.T.; Huie, R.E. // J. Chem. Phys. 58 (1973), 530.
Systematic error = 0.0607, total error = 0.0648
lg T, eV; lg K, cm3/(mol s)
-1.7029 12.7529
-1.7029 12.7267
-1.7029 12.7884
-1.7029 12.7272
-1.7029 12.7506
-1.7029 12.7643
-1.6737 12.7426
-1.6737 12.6855
-1.6737 12.7364
-1.6447 12.7780
-1.6447 12.7071
-1.6447 12.7122
-1.6447 12.7228
-1.6447 12.7464
-1.6447 12.7431
-1.6447 12.7464
-1.5344 12.7321
-1.5344 12.7487
-1.5344 12.7117
-1.5904 12.7237
-1.5904 12.7524
-1.5904 12.7153
-1.5904 12.7213
-1.5904 12.7767
-1.5904 12.7262
-1.5904 12.7421
-1.5904 12.7228
-1.5904 12.7754
-1.5904 12.7482
-1.5904 12.7257
-1.5904 12.7492
-1.5904 12.7316
-1.5904 12.7482
-1.5904 12.7643
-1.5904 12.7710
-1.5904 12.7142
-1.5904 12.7520
-1.5904 12.7107
