Reference: Ongstad, A.P.; Birks, J.W. // J. Chem. Phys. 81 (1984), 3922.
Systematic error = 0.044, total error = 0.065
Data: T, lg K
298.0 12.821
298.0 12.780
298.0 12.771
298.0 12.784
298.0 12.767
298.0 12.688
298.0 12.694
298.0 12.688
298.0 12.884
298.0 12.863
298.0 12.805
298.0 12.801
298.0 12.793
298.0 12.683
298.0 12.724
298.0 12.767
298.0 12.719
298.0 12.817
298.0 12.780
298.0 12.757
298.0 12.753
298.0 12.797
298.0 12.748
298.0 12.771
298.0 12.748
298.0 12.801
298.0 12.744
298.0 12.729
298.0 12.734
