Reference: Phillips, L.F.; Schiff, H.I. // J. Chem. Phys. 36 (1962), 1509.
Systematic error = -5.578e-01, total error = 5.646e-01
lg T, eV; lg K
-1.590e+00 1.232e+01
-1.590e+00 1.237e+01
-1.590e+00 1.227e+01
-1.590e+00 1.216e+01
-1.590e+00 1.208e+01
-1.590e+00 1.215e+01
-1.590e+00 1.214e+01
-1.590e+00 1.212e+01
-1.590e+00 1.204e+01
-1.590e+00 1.212e+01
-1.590e+00 1.208e+01
-1.590e+00 1.210e+01
-1.590e+00 1.208e+01
-1.590e+00 1.223e+01
-1.590e+00 1.216e+01
-1.590e+00 1.211e+01
-1.590e+00 1.211e+01
-1.590e+00 1.219e+01
-1.590e+00 1.227e+01
-1.590e+00 1.220e+01
-1.590e+00 1.208e+01
-1.590e+00 1.205e+01
-1.590e+00 1.211e+01
-1.590e+00 1.226e+01
-1.590e+00 1.215e+01
-1.590e+00 1.230e+01
