Reference: Fernandez, A.; Goumri, A.; Fontijn, A. // J. Phys. Chem. A. 102 (1998), 168.
Systematic error = -1.927e-02, total error = 9.597e-02
lg T, eV; lg K
-1.458e+00 8.938e+00
-1.444e+00 9.096e+00
-1.407e+00 9.389e+00
-1.406e+00 9.156e+00
-1.387e+00 9.363e+00
-1.336e+00 9.916e+00
-1.323e+00 1.008e+01
-1.318e+00 1.003e+01
-1.315e+00 1.002e+01
-1.276e+00 1.027e+01
-1.250e+00 1.043e+01
-1.238e+00 1.046e+01
-1.205e+00 1.071e+01
-1.201e+00 1.073e+01
-1.198e+00 1.082e+01
-1.178e+00 1.096e+01
-1.175e+00 1.083e+01
-1.162e+00 1.081e+01
-1.156e+00 1.105e+01
-1.155e+00 1.100e+01
-1.110e+00 1.115e+01
-1.103e+00 1.118e+01
-1.095e+00 1.123e+01
-1.094e+00 1.124e+01
-1.093e+00 1.112e+01
-1.067e+00 1.146e+01
-1.061e+00 1.146e+01
-1.054e+00 1.164e+01
-1.051e+00 1.137e+01
-1.032e+00 1.162e+01
-1.013e+00 1.178e+01
-1.012e+00 1.170e+01
-1.011e+00 1.166e+01
-1.011e+00 1.176e+01
-1.006e+00 1.176e+01
-9.902e-01 1.172e+01
-9.779e-01 1.171e+01
