lg T, eV; lg K
1.000 -74.294
1.100 -69.635
1.200 -65.326
1.300 -61.339
1.400 -57.653
1.500 -54.243
1.600 -51.090
1.700 -48.175
1.800 -45.480
1.900 -42.990
2.000 -40.688
2.100 -38.561
2.200 -36.596
2.300 -34.781
2.400 -33.105
2.500 -31.559
2.600 -30.132
2.700 -28.815
2.800 -27.602
2.900 -26.484
3.000 -25.454
3.100 -24.505
3.200 -23.630
3.300 -22.824
3.400 -22.081
3.500 -21.396
3.600 -20.762
3.700 -20.175
3.800 -19.629
3.900 -19.120
4.000 -18.644
4.100 -18.199
4.200 -17.784
4.300 -17.401
4.400 -17.050
4.500 -16.736
4.600 -16.462
4.700 -16.228
4.800 -16.036
4.900 -15.881
5.000 -15.762
5.100 -15.674
5.200 -15.613
5.300 -15.575
5.400 -15.556
5.500 -15.552
5.600 -15.560
5.700 -15.579
5.800 -15.605
5.900 -15.635
6.000 -15.663
6.100 -15.687
6.200 -15.710
6.300 -15.736
6.400 -15.773
