lg E, eV; lg S
3.200 6.852
3.300 6.852
3.400 6.852
3.500 6.852
3.600 6.852
3.700 6.852
3.800 6.851
3.900 6.848
4.000 6.844
4.100 6.840
4.200 6.836
4.300 6.835
4.400 6.836
4.500 6.842
4.600 6.859
4.700 6.892
4.800 6.940
4.900 7.003
5.000 7.076
5.100 7.153
5.200 7.216
5.300 7.231
5.400 7.161
5.500 7.004
5.600 6.803
5.700 6.610
5.800 6.435
5.900 6.283
6.000 6.156
6.100 6.052
6.200 5.970
6.300 5.908
6.400 5.863
6.500 5.832
6.600 5.810
6.700 5.795
6.800 5.784
6.900 5.776
7.000 5.770
7.100 5.765
7.200 5.760
7.300 5.754
