lg T, eV; lg K
1.000 -50.398
1.100 -47.664
1.200 -45.137
1.300 -42.801
1.400 -40.643
1.500 -38.649
1.600 -36.807
1.700 -35.106
1.800 -33.536
1.900 -32.087
2.000 -30.750
2.100 -29.516
2.200 -28.379
2.300 -27.330
2.400 -26.364
2.500 -25.475
2.600 -24.657
2.700 -23.903
2.800 -23.210
2.900 -22.572
3.000 -21.985
3.100 -21.445
3.200 -20.950
3.300 -20.495
3.400 -20.077
3.500 -19.695
3.600 -19.344
3.700 -19.023
3.800 -18.729
3.900 -18.460
4.000 -18.213
4.100 -17.987
4.200 -17.779
4.300 -17.587
4.400 -17.410
4.500 -17.246
4.600 -17.093
4.700 -16.952
4.800 -16.820
4.900 -16.697
5.000 -16.582
5.100 -16.476
5.200 -16.377
5.300 -16.286
5.400 -16.202
5.500 -16.122
5.600 -16.050
5.700 -15.988
5.800 -15.935
5.900 -15.883
6.000 -15.824
6.100 -15.763
6.200 -15.713
6.300 -15.683
6.400 -15.679
