3.200e+00 7.768e+00
3.300e+00 7.768e+00
3.400e+00 7.768e+00
3.500e+00 7.769e+00
3.600e+00 7.768e+00
3.700e+00 7.767e+00
3.800e+00 7.767e+00
3.900e+00 7.767e+00
4.000e+00 7.770e+00
4.100e+00 7.775e+00
4.200e+00 7.781e+00
4.300e+00 7.789e+00
4.400e+00 7.798e+00
4.500e+00 7.809e+00
4.600e+00 7.824e+00
4.700e+00 7.844e+00
4.800e+00 7.868e+00
4.900e+00 7.897e+00
5.000e+00 7.931e+00
5.100e+00 7.971e+00
5.200e+00 8.016e+00
5.300e+00 8.064e+00
5.400e+00 8.116e+00
5.500e+00 8.171e+00
5.600e+00 8.228e+00
5.700e+00 8.284e+00
5.800e+00 8.339e+00
5.900e+00 8.395e+00
6.000e+00 8.450e+00
6.100e+00 8.503e+00
6.200e+00 8.555e+00
6.300e+00 8.607e+00
6.400e+00 8.657e+00
6.500e+00 8.708e+00
6.600e+00 8.758e+00
6.700e+00 8.806e+00
6.800e+00 8.855e+00
6.900e+00 8.904e+00
7.000e+00 8.953e+00
7.100e+00 9.003e+00
7.200e+00 9.052e+00
