Reference: Su, M.-C. et al. // J. Phys. Chem. A. 106 (2002), 8261.
Systematic error = 0.0307, total error = 0.0853
lg T, eV; lg K, cm3/(mol s)
-0.9375 13.8937
-0.9105 13.9558
-0.8383 13.8937
-0.8605 13.8937
-0.9111 13.8937
-0.9687 13.8589
-0.9818 14.1415
-0.9041 13.9839
-0.8911 13.9259
-0.8874 13.9259
-0.9533 14.0808
-0.9222 13.9839
-0.9378 13.8211
-0.8482 13.9259
-0.8583 13.8937
-0.9343 13.8589
-1.0220 13.8937
-0.9520 13.9259
-0.9087 14.1020
-0.8559 14.1222
-0.7658 13.9839
-0.8231 13.9558
-0.8726 14.0808
-0.9314 13.9558
-0.9649 13.9558
-0.8865 14.0102
-0.8429 14.0585
-0.8110 14.0585
-0.8935 14.0585
-0.9388 14.0808
-0.9365 14.0102
-0.8768 13.9839
-0.8301 13.9558
-0.8461 13.9558
-0.9463 14.1020
-0.9053 13.9839
-0.8848 14.0808
-0.8419 14.0808
-0.8760 14.0350
-0.9035 14.0350
-0.9642 13.9558
-0.9530 14.0585
-0.9330 14.0102
-0.9096 14.0585
