Reference: Wagner, H.Gg.; Welzbacher, U.; Zellner, R. // Ber. Bunsenges. Phys. Chem. 80 (1976), 1023.
Systematic error = -2.929e-02, total error = 1.280e-01
lg T, eV; lg K
-1.679e+00 1.373e+01
-1.677e+00 1.379e+01
-1.675e+00 1.372e+01
-1.660e+00 1.372e+01
-1.651e+00 1.378e+01
-1.633e+00 1.381e+01
-1.628e+00 1.383e+01
-1.619e+00 1.386e+01
-1.598e+00 1.393e+01
-1.598e+00 1.388e+01
-1.598e+00 1.388e+01
-1.596e+00 1.385e+01
-1.596e+00 1.386e+01
-1.595e+00 1.389e+01
-1.593e+00 1.383e+01
-1.590e+00 1.395e+01
-1.590e+00 1.389e+01
-1.590e+00 1.386e+01
-1.589e+00 1.390e+01
-1.587e+00 1.392e+01
-1.587e+00 1.386e+01
-1.587e+00 1.390e+01
-1.587e+00 1.392e+01
-1.570e+00 1.398e+01
-1.551e+00 1.393e+01
-1.543e+00 1.396e+01
-1.519e+00 1.407e+01
-1.495e+00 1.413e+01
-1.472e+00 1.409e+01
-1.461e+00 1.404e+01
-1.440e+00 1.417e+01
-1.430e+00 1.418e+01
-1.401e+00 1.417e+01
