Reference: Ko, T.; Fontijn, A. // J. Phys. Chem. 95 (1991), 3984.
Systematic error = -2.462e-02, total error = 7.533e-02
lg T, eV; lg K
-1.593e+00 1.383e+01
-1.593e+00 1.378e+01
-1.592e+00 1.390e+01
-1.592e+00 1.386e+01
-1.592e+00 1.386e+01
-1.592e+00 1.386e+01
-1.592e+00 1.380e+01
-1.592e+00 1.392e+01
-1.590e+00 1.386e+01
-1.590e+00 1.393e+01
-1.590e+00 1.386e+01
-1.555e+00 1.398e+01
-1.547e+00 1.397e+01
-1.541e+00 1.384e+01
-1.534e+00 1.396e+01
-1.533e+00 1.383e+01
-1.528e+00 1.379e+01
-1.528e+00 1.382e+01
-1.479e+00 1.392e+01
-1.479e+00 1.388e+01
-1.476e+00 1.390e+01
-1.474e+00 1.395e+01
-1.468e+00 1.396e+01
-1.451e+00 1.396e+01
-1.425e+00 1.388e+01
-1.389e+00 1.393e+01
-1.380e+00 1.396e+01
-1.374e+00 1.404e+01
-1.320e+00 1.392e+01
-1.320e+00 1.391e+01
-1.305e+00 1.396e+01
-1.305e+00 1.390e+01
-1.305e+00 1.394e+01
-1.298e+00 1.404e+01
-1.297e+00 1.403e+01
-1.244e+00 1.399e+01
-1.212e+00 1.401e+01
-1.209e+00 1.405e+01
-1.208e+00 1.397e+01
-1.202e+00 1.396e+01
-1.200e+00 1.402e+01
-1.199e+00 1.397e+01
-1.187e+00 1.399e+01
