Reference: Phillips, L.F.; Schiff, H.I. // J. Chem. Phys. 37 (1962), 1233.
Systematic error = -4.929e-01, total error = 4.945e-01
lg T, eV; lg K
-1.590e+00 1.350e+01
-1.590e+00 1.340e+01
-1.590e+00 1.345e+01
-1.590e+00 1.343e+01
-1.590e+00 1.340e+01
-1.590e+00 1.338e+01
-1.590e+00 1.340e+01
-1.590e+00 1.343e+01
-1.590e+00 1.345e+01
-1.590e+00 1.341e+01
-1.590e+00 1.348e+01
-1.590e+00 1.345e+01
-1.590e+00 1.350e+01
-1.590e+00 1.348e+01
-1.590e+00 1.341e+01
-1.590e+00 1.343e+01
-1.590e+00 1.350e+01
-1.590e+00 1.350e+01
-1.590e+00 1.352e+01
-1.590e+00 1.350e+01
-1.590e+00 1.346e+01
-1.590e+00 1.345e+01
-1.590e+00 1.345e+01
-1.590e+00 1.348e+01
-1.590e+00 1.352e+01
-1.590e+00 1.340e+01
