Reference: Michael, J.V.; Nava, D.F.; Payne, W.A.; Lee, J.H.; Stief, L.J. // J. Phys. Chem. 83 (1979), 2818.
Systematic error = -0.037, total error = 0.057
Data: T, lg K
230.0 13.900
195.0 13.873
195.0 13.987
230.0 13.894
230.0 13.962
230.0 13.873
263.0 13.959
263.0 13.956
263.0 13.894
263.0 13.887
298.0 13.929
298.0 13.938
298.0 13.884
298.0 13.944
298.0 13.900
298.0 13.981
298.0 13.953
343.0 13.897
343.0 13.870
343.0 13.873
343.0 13.870
368.0 14.002
368.0 13.929
400.0 13.894
400.0 13.976
400.0 13.932
400.0 13.829
400.0 13.947
400.0 13.916
400.0 13.894
400.0 13.829
400.0 13.923
400.0 13.897
400.0 13.859
400.0 13.913
400.0 13.829
