lg T, eV; lg K
1.000 -50.401
1.100 -47.666
1.200 -45.139
1.300 -42.803
1.400 -40.644
1.500 -38.650
1.600 -36.808
1.700 -35.107
1.800 -33.537
1.900 -32.087
2.000 -30.750
2.100 -29.517
2.200 -28.379
2.300 -27.331
2.400 -26.366
2.500 -25.476
2.600 -24.657
2.700 -23.904
2.800 -23.211
2.900 -22.573
3.000 -21.988
3.100 -21.450
3.200 -20.957
3.300 -20.504
3.400 -20.089
3.500 -19.708
3.600 -19.360
3.700 -19.041
3.800 -18.749
3.900 -18.482
4.000 -18.237
4.100 -18.013
4.200 -17.807
4.300 -17.618
4.400 -17.444
4.500 -17.283
4.600 -17.134
4.700 -16.996
4.800 -16.867
4.900 -16.747
5.000 -16.635
5.100 -16.531
5.200 -16.435
5.300 -16.346
5.400 -16.264
5.500 -16.186
5.600 -16.116
5.700 -16.056
5.800 -16.003
5.900 -15.948
6.000 -15.884
6.100 -15.818
6.200 -15.763
6.300 -15.730
6.400 -15.723
