3.200e+00 7.770e+00
3.300e+00 7.770e+00
3.400e+00 7.770e+00
3.500e+00 7.769e+00
3.600e+00 7.769e+00
3.700e+00 7.768e+00
3.800e+00 7.768e+00
3.900e+00 7.767e+00
4.000e+00 7.768e+00
4.100e+00 7.769e+00
4.200e+00 7.772e+00
4.300e+00 7.776e+00
4.400e+00 7.781e+00
4.500e+00 7.789e+00
4.600e+00 7.799e+00
4.700e+00 7.813e+00
4.800e+00 7.831e+00
4.900e+00 7.853e+00
5.000e+00 7.881e+00
5.100e+00 7.914e+00
5.200e+00 7.954e+00
5.300e+00 7.999e+00
5.400e+00 8.048e+00
5.500e+00 8.101e+00
5.600e+00 8.156e+00
5.700e+00 8.212e+00
5.800e+00 8.266e+00
5.900e+00 8.320e+00
6.000e+00 8.373e+00
6.100e+00 8.427e+00
6.200e+00 8.482e+00
6.300e+00 8.541e+00
6.400e+00 8.600e+00
6.500e+00 8.660e+00
6.600e+00 8.720e+00
6.700e+00 8.778e+00
6.800e+00 8.835e+00
6.900e+00 8.897e+00
7.000e+00 8.961e+00
7.100e+00 9.025e+00
7.200e+00 9.089e+00
