Reference: Lipkea, W.H.; Milks, D.; Matula, R.A. // Combust. Sci. Technol. 6 (1973), 257.
Systematic error = 1.148e-01, total error = 2.969e-01
lg T, eV; lg K
-7.730e-01 7.922e+00
-7.886e-01 7.843e+00
-8.057e-01 7.796e+00
-8.101e-01 7.505e+00
-8.291e-01 7.505e+00
-8.396e-01 7.609e+00
-8.543e-01 7.049e+00
-8.567e-01 7.240e+00
-8.654e-01 7.114e+00
-8.682e-01 6.892e+00
-8.760e-01 6.827e+00
-8.856e-01 6.897e+00
-8.946e-01 6.484e+00
-8.982e-01 6.727e+00
-9.014e-01 6.614e+00
-9.050e-01 6.254e+00
-9.059e-01 6.501e+00
-9.075e-01 6.319e+00
-9.114e-01 6.037e+00
-9.232e-01 5.950e+00
-9.235e-01 6.132e+00
-9.378e-01 5.972e+00
-9.395e-01 5.537e+00
-9.434e-01 6.002e+00
-9.447e-01 5.624e+00
-9.537e-01 5.442e+00
