Reference: Baber, S.C.; Dean, A.M. // Int. J. Chem. Kinet. 7 (1975), 381.
Systematic error = 0.073, total error = 0.100
Data: T, lg K
2290.0 9.329
2245.0 9.316
2155.0 9.104
2155.0 9.100
2050.0 8.920
1900.0 8.473
2455.0 9.873
2430.0 9.656
2300.0 9.457
2159.0 9.160
2095.0 9.015
2060.0 8.947
2465.0 9.852
2420.0 9.652
2410.0 9.684
2380.0 9.578
2340.0 9.600
2305.0 9.484
2210.0 9.261
2055.0 9.070
1850.0 8.239
2420.0 9.765
2405.0 9.623
2355.0 9.605
2240.0 9.402
2190.0 9.311
2130.0 9.083
2130.0 9.047
2115.0 9.045
2085.0 8.973
2050.0 8.880
1985.0 8.657
1980.0 8.681
1950.0 8.622
2535.0 9.947
2455.0 9.844
2430.0 9.844
2390.0 9.733
2360.0 9.657
2335.0 9.657
2325.0 9.595
2320.0 9.602
2315.0 9.569
2315.0 9.467
2295.0 9.534
2290.0 9.554
2260.0 9.398
2245.0 9.426
2230.0 9.337
2225.0 9.326
2190.0 9.160
2185.0 9.251
2150.0 9.118
2080.0 8.967
