Reference: Rohrig, M.; Petersen, E.L.; Davidson, D.F.; Hanson, R.K. // Int. J. Chem. Kinet. 29 (1997). 484.
Systematic error = 3.808e-01, total error = 3.857e-01
lg T, eV; lg K
-8.223e-01 8.114e+00
-7.627e-01 9.114e+00
-7.909e-01 8.653e+00
-7.491e-01 9.279e+00
-7.690e-01 9.041e+00
-8.492e-01 7.568e+00
-8.231e-01 8.097e+00
-8.296e-01 8.000e+00
-8.492e-01 7.602e+00
-8.161e-01 8.072e+00
-7.686e-01 8.929e+00
-7.911e-01 8.519e+00
-7.788e-01 8.740e+00
-7.818e-01 8.761e+00
-7.937e-01 8.498e+00
-8.074e-01 8.267e+00
-8.298e-01 7.914e+00
-7.951e-01 8.477e+00
-7.930e-01 8.477e+00
-7.956e-01 8.505e+00
-7.647e-01 9.079e+00
-7.904e-01 8.623e+00
-8.380e-01 7.875e+00
-7.766e-01 8.740e+00
-8.103e-01 8.255e+00
-7.993e-01 8.462e+00
-8.414e-01 7.699e+00
-8.616e-01 7.301e+00
