Reference: Ross, S.K.; Sutherland, J.W.; Kuo, S-C.; Klemm, R.B. // J. Phys. Chem. A. 101 (1997), 1104.
Systematic error = -0.084, total error = 0.190
Data: T, lg K
2159.0 9.010
2056.0 8.612
2132.0 8.793
2173.0 8.923
2095.0 8.703
1932.0 8.425
2159.0 8.962
2179.0 8.890
2086.0 8.723
1976.0 8.482
2192.0 9.083
1984.0 8.603
2122.0 8.877
2163.0 9.030
2059.0 8.852
2208.0 9.213
1995.0 8.395
2091.0 8.825
2311.0 9.400
2001.0 8.407
2139.0 8.981
2237.0 9.257
1954.0 8.512
2270.0 9.350
2376.0 9.514
2384.0 9.509
2092.0 8.890
2110.0 8.916
2114.0 8.742
2075.0 8.735
2008.0 8.667
2106.0 8.788
2069.0 8.777
2014.0 8.554
2000.0 8.517
2050.0 8.645
2072.0 8.672
2198.0 9.098
2296.0 9.422
2024.0 8.577
2204.0 9.171
2305.0 9.462
2029.0 8.582
2120.0 8.913
2063.0 8.817
2178.0 9.045
2206.0 9.201
2311.0 9.431
2116.0 8.935
2182.0 9.156
2194.0 9.167
2213.0 9.134
2205.0 9.196
2200.0 9.172
2087.0 8.672
2262.0 9.227
2051.0 8.687
1928.0 8.162
2092.0 8.829
1906.0 8.153
1838.0 8.122
1837.0 8.070
1744.0 7.384
2091.0 8.739
2116.0 8.821
1896.0 8.250
1836.0 7.887
1639.0 7.356
1944.0 8.431
2048.0 8.688
2089.0 8.920
1954.0 8.465
1589.0 6.950
1680.0 7.056
1549.0 6.809
1335.0 5.128
1519.0 6.506
1297.0 5.179
1439.0 5.880
1602.0 6.764
1362.0 5.404
1393.0 5.600
1409.0 5.897
1519.0 6.535
1470.0 6.389
1344.0 6.149
1282.0 5.089
1425.0 6.114
1227.0 4.597
1254.0 4.950
1344.0 5.313
1265.0 5.106
1232.0 4.852
1307.0 5.441
1557.0 6.599
1479.0 6.087
1400.0 5.611
1521.0 6.457
1823.0 7.821
2110.0 8.805
1873.0 8.092
1503.0 6.420
1692.0 7.273
1562.0 6.950
1638.0 7.198
1703.0 7.539
1754.0 7.542
1819.0 8.015
1801.0 7.910
1696.0 7.167
1570.0 6.863
1378.0 5.381
1500.0 6.735
1358.0 5.122
1346.0 5.179
1484.0 6.580
1421.0 6.205
1441.0 6.324
1355.0 5.355
1294.0 5.149
1260.0 4.956
1333.0 5.472
1285.0 4.018
1195.0 4.449
1395.0 5.427
1322.0 5.114
1324.0 5.456
1452.0 6.181
1442.0 6.116
1429.0 5.880
