Reference: Frank, P.; Just, Th. // Ber. Bunsenges. Phys. Chem. 89 (1985), 181.
Systematic error = -0.2096, total error = 0.2306
lg T, eV; lg K, cm3/(mol s)
-0.7207 9.1000
-0.7293 8.9800
-0.7431 8.7300
-0.7495 8.7300
-0.7521 8.5700
-0.7486 8.5400
-0.7512 8.5400
-0.7521 8.4000
-0.7530 8.3000
-0.7662 8.3000
-0.7722 8.2200
-0.7696 8.1300
-0.7705 8.3200
-0.7781 8.2300
-0.7773 8.0700
-0.7789 8.1200
-0.7823 8.1700
-0.7848 8.1600
-0.7864 8.1000
-0.7905 8.1000
-0.7913 8.0500
-0.7954 7.9600
-0.7970 7.9100
-0.7930 7.8700
-0.8042 7.7800
-0.8112 7.7000
-0.8167 7.7000
-0.8182 7.6900
-0.8065 7.6300
-0.8105 7.6000
-0.8167 7.5000
-0.8243 7.5500
-0.8369 7.2300
-0.8435 7.2000
-0.8471 7.2300
-0.8506 6.9100
-0.8549 6.9800
-0.8542 6.8700
-0.8742 6.4500
-0.8887 6.2800
-0.8848 6.2300
-0.8887 6.1600
-0.8920 6.1000
-0.9159 5.6500
