Reference: Modica, A.P. // J. Phys. Chem. 69 (1965), 2111.
Systematic error = 0.2400, total error = 0.4585
lg T, eV; lg K, cm3/(mol s)
-0.5461 10.9286
-0.5461 10.9444
-0.5541 10.9319
-0.5541 10.9453
-0.6808 10.4151
-0.5595 10.8408
-0.5875 10.8950
-0.5817 10.7282
-0.5875 10.8950
-0.5595 11.0686
-0.5732 11.0647
-0.5649 11.0277
-0.5595 11.0218
-0.5595 10.1913
-0.6098 11.2291
-0.5732 11.1269
-0.5875 11.0463
-0.6174 11.1402
-0.5595 11.0016
-0.6022 11.2736
-0.5595 11.4391
-0.5649 11.3701
-0.5595 11.2815
-0.5963 11.3739
-0.6496 10.9045
-0.6098 11.2488
-0.6496 10.7742
