Reference: Dean, A.M. // Int. J. Chem. Kinet. 8 (1976), 459.
Systematic error = 4.729e-02, total error = 1.911e-01
lg T, eV; lg K
-7.034e-01 9.315e+00
-7.115e-01 9.303e+00
-7.332e-01 9.094e+00
-7.332e-01 9.087e+00
-7.450e-01 8.907e+00
-6.746e-01 9.859e+00
-6.826e-01 9.642e+00
-7.067e-01 9.444e+00
-7.071e-01 9.362e+00
-7.076e-01 9.401e+00
-7.091e-01 9.391e+00
-7.262e-01 9.147e+00
-7.429e-01 9.000e+00
-7.502e-01 8.935e+00
-5.768e-01 1.062e+01
-5.761e-01 1.062e+01
-5.821e-01 1.049e+01
-5.835e-01 1.053e+01
-5.828e-01 1.056e+01
-5.868e-01 1.054e+01
-5.900e-01 1.057e+01
-5.937e-01 1.058e+01
-5.959e-01 1.043e+01
-6.056e-01 1.028e+01
-6.159e-01 1.028e+01
-6.336e-01 1.009e+01
-6.345e-01 1.006e+01
-6.447e-01 1.004e+01
-6.641e-01 9.873e+00
-6.772e-01 9.672e+00
-6.759e-01 9.770e+00
-6.858e-01 9.706e+00
-5.828e-01 1.054e+01
-5.974e-01 1.043e+01
-6.041e-01 1.039e+01
-6.144e-01 1.033e+01
-6.253e-01 1.020e+01
-6.381e-01 1.015e+01
-6.488e-01 1.007e+01
-6.526e-01 1.002e+01
-6.654e-01 9.890e+00
-6.719e-01 9.900e+00
-6.817e-01 9.744e+00
-6.862e-01 9.700e+00
-6.982e-01 9.627e+00
-7.019e-01 9.486e+00
-7.207e-01 9.355e+00
-7.307e-01 9.316e+00
-7.539e-01 9.042e+00
-7.625e-01 8.863e+00
-6.959e-01 9.837e+00
-7.043e-01 9.572e+00
-7.129e-01 9.608e+00
-7.173e-01 9.628e+00
-7.139e-01 9.594e+00
-7.148e-01 9.583e+00
-7.148e-01 9.562e+00
-7.227e-01 9.527e+00
-7.173e-01 9.602e+00
-7.247e-01 9.506e+00
-7.286e-01 9.480e+00
-7.507e-01 9.049e+00
-7.614e-01 9.005e+00
-5.775e-01 1.065e+01
-5.828e-01 1.065e+01
-5.882e-01 1.059e+01
-6.048e-01 1.063e+01
-6.245e-01 1.034e+01
-6.300e-01 1.032e+01
-6.300e-01 1.040e+01
-6.447e-01 1.026e+01
-6.434e-01 1.021e+01
-6.555e-01 1.015e+01
-6.641e-01 1.008e+01
-6.759e-01 9.989e+00
-7.010e-01 9.666e+00
-7.307e-01 9.238e+00
-7.539e-01 9.118e+00
-7.774e-01 8.855e+00
