Reference: Jost, W.; Michel, K.W.; Troe, J.; Wagner, H.Gg. // Z. Naturforsch. A. 19 (1964), 59.
Systematic error = 0.035, total error = 0.109
Data: T, lg K
2481.4 9.920
2398.1 9.870
2469.1 9.830
2457.0 9.830
2463.1 9.800
2347.4 9.710
2314.8 9.620
2352.9 9.550
2212.4 9.560
2283.1 9.480
2217.3 9.470
2207.5 9.380
2114.2 9.050
2173.9 9.030
2087.7 8.970
2074.7 8.830
2061.9 8.840
2074.7 8.840
2049.2 8.770
2024.3 8.620
1960.8 8.610
1915.7 8.530
1879.7 8.420
1901.1 8.310
1869.2 8.310
1879.7 8.160
1876.2 8.130
1779.4 7.970
1814.9 7.920
1779.4 7.900
1798.6 7.880
1785.7 7.860
1754.4 7.760
1748.3 7.750
1754.4 7.720
1730.1 7.530
1686.3 7.500
1718.2 7.470
1663.9 7.460
1675.0 7.410
1689.2 7.360
1669.4 7.350
1700.7 7.330
1661.1 7.310
1661.1 7.270
1631.3 7.300
1636.7 7.280
1618.1 7.050
1600.0 7.000
1600.0 6.980
1592.4 6.950
1538.5 6.790
1526.7 6.780
1529.1 6.650
1531.4 6.630
1506.0 6.640
1519.8 6.420
