Reference: Michael, J.V.; Lim, K.P. // J. Chem. Phys. 97 (1992), 3228.
Systematic error = -1.796e-01, total error = 2.449e-01
lg T, eV; lg K
-6.677e-01 9.636e+00
-6.936e-01 9.277e+00
-7.033e-01 9.185e+00
-7.085e-01 9.257e+00
-7.094e-01 9.093e+00
-7.146e-01 8.980e+00
-7.154e-01 8.980e+00
-7.180e-01 9.072e+00
-7.322e-01 8.887e+00
-7.346e-01 8.969e+00
-7.346e-01 8.785e+00
-7.395e-01 8.857e+00
-7.435e-01 8.600e+00
-7.468e-01 8.477e+00
-7.569e-01 8.734e+00
-7.569e-01 8.559e+00
-7.600e-01 8.559e+00
-7.646e-01 8.539e+00
-7.646e-01 8.457e+00
-7.661e-01 8.395e+00
-7.714e-01 8.457e+00
-7.714e-01 8.272e+00
-7.714e-01 8.180e+00
-7.744e-01 8.344e+00
-7.796e-01 7.872e+00
-7.803e-01 8.211e+00
-7.810e-01 8.405e+00
-7.825e-01 8.323e+00
-7.848e-01 7.872e+00
-7.862e-01 7.811e+00
-7.869e-01 7.841e+00
-7.919e-01 8.118e+00
-7.969e-01 8.046e+00
-7.969e-01 7.687e+00
-7.997e-01 7.811e+00
-8.018e-01 7.954e+00
-8.039e-01 7.667e+00
-8.053e-01 7.831e+00
-8.122e-01 7.862e+00
-8.129e-01 7.452e+00
-8.136e-01 7.698e+00
-8.176e-01 7.893e+00
-8.216e-01 7.831e+00
-8.276e-01 7.800e+00
-8.342e-01 7.431e+00
-8.426e-01 6.939e+00
-8.450e-01 7.349e+00
-8.520e-01 6.744e+00
-8.750e-01 6.713e+00
