Reference: Fisburne, E.S.; Edse, R. // J. Chem. Phys. 41 (1964), 1297.
Systematic error = -0.0960, total error = 0.4721
lg T, eV; lg K, cm3/(mol s)
-0.7404 8.5400
-0.7864 7.4800
-0.7274 9.1900
-0.7302 9.2500
-0.7486 8.8000
-0.7739 8.2000
-0.7823 7.8100
-0.7495 9.1500
-0.7705 8.4000
-0.7831 8.0500
-0.8167 6.9300
-0.8243 6.9000
-0.7548 9.0800
-0.7848 8.1300
-0.7946 7.9500
-0.8205 7.0500
-0.7575 9.5000
-0.7722 9.0500
-0.7905 8.4500
-0.8010 8.2500
-0.8265 7.2500
-0.8265 7.4900
-0.8570 6.2700
-0.8151 8.1000
-0.8485 6.7700
-0.8089 8.7000
-0.8406 7.5000
