Reference: Javoy, S.; Mevel, R.; Paillard, C.E. // Int. J. Chem. Kinet. 41 (2009), 357.
Systematic error = 1.256e-02, total error = 1.823e-01
lg T, eV; lg K
-6.688e-01 9.782e+00
-6.828e-01 9.633e+00
-6.917e-01 9.677e+00
-6.930e-01 9.505e+00
-7.001e-01 9.362e+00
-7.019e-01 9.477e+00
-7.216e-01 9.114e+00
-7.302e-01 9.934e+00
-7.324e-01 9.114e+00
-7.383e-01 8.954e+00
-7.393e-01 8.889e+00
-7.488e-01 8.672e+00
-7.636e-01 8.672e+00
-7.764e-01 8.623e+00
-7.863e-01 8.204e+00
-7.868e-01 8.279e+00
-7.872e-01 8.176e+00
-7.944e-01 8.061e+00
-7.972e-01 8.097e+00
-8.166e-01 7.845e+00
-8.293e-01 7.607e+00
-8.414e-01 7.398e+00
-8.500e-01 7.079e+00
-8.530e-01 7.146e+00
-8.737e-01 6.699e+00
-8.836e-01 6.653e+00
-8.911e-01 6.447e+00
