lg T, eV; lg K
1.0 -5.050e+01
1.1 -4.759e+01
1.2 -4.490e+01
1.3 -4.241e+01
1.4 -4.011e+01
1.5 -3.799e+01
1.6 -3.603e+01
1.7 -3.421e+01
1.8 -3.254e+01
1.9 -3.100e+01
2.0 -2.957e+01
2.1 -2.825e+01
2.2 -2.704e+01
2.3 -2.592e+01
2.4 -2.489e+01
2.5 -2.394e+01
2.6 -2.306e+01
2.7 -2.225e+01
2.8 -2.150e+01
2.9 -2.081e+01
3.0 -2.018e+01
3.1 -1.959e+01
3.2 -1.905e+01
3.3 -1.854e+01
3.4 -1.808e+01
3.5 -1.764e+01
3.6 -1.724e+01
3.7 -1.687e+01
3.8 -1.652e+01
3.9 -1.622e+01
4.0 -1.595e+01
4.1 -1.572e+01
4.2 -1.552e+01
4.3 -1.537e+01
4.4 -1.525e+01
4.5 -1.516e+01
4.6 -1.510e+01
4.7 -1.507e+01
4.8 -1.506e+01
4.9 -1.506e+01
5.0 -1.508e+01
5.1 -1.511e+01
5.2 -1.516e+01
5.3 -1.521e+01
5.4 -1.526e+01
5.5 -1.532e+01
5.6 -1.538e+01
5.7 -1.544e+01
5.8 -1.549e+01
5.9 -1.555e+01
6.0 -1.559e+01
6.1 -1.562e+01
6.2 -1.565e+01
6.3 -1.567e+01
6.4 -1.570e+01
