3.200e+00 1.008e+01
3.300e+00 1.008e+01
3.400e+00 1.008e+01
3.500e+00 1.008e+01
3.600e+00 1.009e+01
3.700e+00 1.010e+01
3.800e+00 1.011e+01
3.900e+00 1.012e+01
4.000e+00 1.014e+01
4.100e+00 1.016e+01
4.200e+00 1.020e+01
4.300e+00 1.024e+01
4.400e+00 1.029e+01
4.500e+00 1.036e+01
4.600e+00 1.041e+01
4.700e+00 1.043e+01
4.800e+00 1.037e+01
4.900e+00 1.023e+01
5.000e+00 1.003e+01
5.100e+00 9.801e+00
5.200e+00 9.583e+00
5.300e+00 9.385e+00
5.400e+00 9.223e+00
5.500e+00 9.088e+00
5.600e+00 8.958e+00
5.700e+00 8.843e+00
5.800e+00 8.752e+00
5.900e+00 8.680e+00
6.000e+00 8.626e+00
6.100e+00 8.590e+00
6.200e+00 8.579e+00
6.300e+00 8.594e+00
6.400e+00 8.629e+00
6.500e+00 8.666e+00
6.600e+00 8.687e+00
6.700e+00 8.693e+00
6.800e+00 8.691e+00
6.900e+00 8.693e+00
7.000e+00 8.701e+00
7.100e+00 8.716e+00
7.200e+00 8.735e+00
