Reference: Clyne, M.A.A.; McDermid, I.S. // J. Chem. Soc. Faraday Trans. 1. 71 (1975), 2189.
Systematic error = -4.655e-01, total error = 5.724e-01
lg T, eV; lg K
-1.590e+00 1.202e+01
-1.590e+00 1.196e+01
-1.590e+00 1.202e+01
-1.590e+00 1.197e+01
-1.590e+00 1.203e+01
-1.590e+00 1.203e+01
-1.590e+00 1.204e+01
-1.590e+00 1.203e+01
-1.590e+00 1.199e+01
-1.590e+00 1.197e+01
-1.590e+00 1.187e+01
-1.590e+00 1.193e+01
-1.590e+00 1.194e+01
-1.590e+00 1.297e+01
-1.590e+00 1.284e+01
-1.590e+00 1.258e+01
-1.590e+00 1.232e+01
-1.590e+00 1.184e+01
-1.590e+00 1.208e+01
-1.590e+00 1.237e+01
-1.590e+00 1.247e+01
-1.590e+00 1.240e+01
-1.590e+00 1.273e+01
-1.590e+00 1.275e+01
