Reference: Appleton, J.P.; Steinberg, M.; Liquornik, D.J. // J. Chem. Phys. 48 (1968), 599.
Systematic error = 0.195, total error = 0.434
Data: T, lg K
14722.5 11.600
14554.6 11.516
14669.3 11.461
13839.1 11.337
13212.7 11.201
13402.0 11.129
12703.7 11.094
12944.1 11.058
12000.3 10.930
12215.1 10.866
11757.8 10.906
11561.1 10.830
12118.3 10.806
11580.1 10.758
11528.9 10.659
11406.8 10.667
10896.4 10.671
11073.1 10.611
11237.9 10.611
11495.1 10.579
11089.9 10.579
10961.0 10.583
10914.7 10.507
10774.9 10.483
10577.9 10.531
10564.4 10.443
10699.3 10.435
10363.0 10.332
10046.3 10.304
9953.9 10.276
9736.2 10.240
9954.8 10.204
9838.6 10.164
9750.4 10.104
9904.1 10.088
9701.2 10.032
9206.3 9.865
8851.4 9.749
9208.0 9.717
9075.6 9.677
8894.7 9.598
8410.8 9.438
8246.9 9.278
8054.8 9.115
7987.0 9.067
7962.6 8.963
14746.7 12.299
14524.2 12.228
14754.7 12.196
13843.7 12.017
13239.3 11.938
13434.3 11.847
12705.1 11.890
12936.2 11.676
12021.2 11.762
11773.2 11.825
12230.4 11.501
11604.3 11.560
11569.9 11.532
11450.1 11.456
12135.8 11.421
11579.4 11.334
11097.4 11.405
10952.1 11.400
10887.6 11.424
10923.0 11.337
11239.1 11.203
11515.3 11.187
10722.5 11.285
10557.5 11.269
10546.9 11.162
10387.4 11.142
11147.4 11.016
10828.0 10.976
10057.2 11.051
9911.4 11.050
9952.2 11.007
9722.7 10.943
9960.5 10.773
9702.8 10.789
9838.6 10.527
9775.7 10.495
9197.1 10.637
9088.9 10.534
9203.9 10.411
8907.7 10.470
8845.6 10.442
8404.4 10.295
8240.8 10.204
7980.1 10.124
8050.0 10.061
