Reference: Thielen, K.; Roth, P. // AIAA J. 24 (1986), 1102.
Systematic error = -0.229, total error = 0.244
Data: T, lg K
3530.0 2.319
3421.0 2.010
3673.0 2.689
3675.0 2.757
3861.0 3.261
3953.0 3.417
3730.0 3.096
3805.0 3.286
4073.0 3.852
4142.0 3.950
4178.0 4.065
4240.0 4.479
4384.0 4.667
4510.0 4.929
4171.0 4.247
4238.0 4.406
4346.0 4.648
4526.0 5.079
4703.0 5.325
4894.0 5.573
4557.0 5.072
4806.0 5.559
5412.0 6.555
5243.0 6.143
5496.0 6.610
5385.0 6.414
5600.0 6.897
5835.0 7.092
6063.0 7.344
6434.0 7.736
5843.0 7.052
