Reference: Clyne, M.A.A.; McDermid, I.S. // J. Chem. Soc. Faraday Trans. 1. 71 (1975), 2189.
Systematic error = -1.178e+00, total error = 1.198e+00
lg T, eV; lg K
-1.239e+00 1.190e+01
-1.239e+00 1.195e+01
-1.239e+00 1.188e+01
-1.239e+00 1.186e+01
-1.239e+00 1.192e+01
-1.277e+00 1.158e+01
-1.277e+00 1.176e+01
-1.277e+00 1.165e+01
-1.253e+00 1.153e+01
-1.381e+00 1.117e+01
-1.381e+00 1.137e+01
-1.366e+00 1.161e+01
-1.366e+00 1.158e+01
-1.438e+00 1.142e+01
-1.438e+00 1.154e+01
-1.438e+00 1.154e+01
-1.431e+00 1.161e+01
-1.431e+00 1.158e+01
-1.248e+00 1.168e+01
-1.248e+00 1.152e+01
-1.248e+00 1.140e+01
-1.248e+00 1.180e+01
-1.248e+00 1.167e+01
-1.248e+00 1.152e+01
-1.248e+00 1.150e+01
-1.248e+00 1.128e+01
-1.239e+00 1.152e+01
-1.239e+00 1.158e+01
-1.239e+00 1.167e+01
-1.239e+00 1.145e+01
-1.239e+00 1.165e+01
-1.590e+00 1.155e+01
-1.590e+00 1.148e+01
-1.590e+00 1.100e+01
-1.590e+00 1.128e+01
-1.590e+00 1.137e+01
-1.590e+00 1.108e+01
-1.590e+00 1.117e+01
-1.590e+00 1.127e+01
-1.590e+00 1.121e+01
-1.590e+00 1.152e+01
-1.590e+00 1.153e+01
-1.590e+00 1.131e+01
-1.590e+00 1.139e+01
-1.590e+00 1.136e+01
-1.590e+00 1.135e+01
-1.590e+00 1.139e+01
-1.590e+00 1.120e+01
-1.590e+00 1.127e+01
-1.590e+00 1.131e+01
-1.590e+00 1.124e+01
-1.590e+00 1.136e+01
