Reference: Davidson, D.F.; Hanson, R.K. // Int. J. Chem. Kinet. 22 (1990), 843.
Systematic error = 8.069e-01, total error = 8.099e-01
lg T, eV; lg K
-5.183e-01 1.357e+01
-5.672e-01 1.352e+01
-5.672e-01 1.356e+01
-5.925e-01 1.360e+01
-6.154e-01 1.362e+01
-6.568e-01 1.359e+01
-6.289e-01 1.354e+01
-6.046e-01 1.352e+01
-6.320e-01 1.348e+01
-6.539e-01 1.348e+01
-6.902e-01 1.345e+01
-7.043e-01 1.343e+01
-7.170e-01 1.347e+01
-7.204e-01 1.346e+01
-7.359e-01 1.345e+01
-7.335e-01 1.342e+01
-7.439e-01 1.339e+01
-7.463e-01 1.340e+01
-7.548e-01 1.338e+01
-7.502e-01 1.343e+01
-7.470e-01 1.345e+01
-7.517e-01 1.346e+01
-7.415e-01 1.348e+01
-7.447e-01 1.350e+01
-7.455e-01 1.350e+01
-7.470e-01 1.354e+01
-7.846e-01 1.341e+01
-8.197e-01 1.341e+01
-8.250e-01 1.341e+01
-8.302e-01 1.333e+01
-8.498e-01 1.341e+01
-8.373e-01 1.349e+01
-8.826e-01 1.349e+01
-8.978e-01 1.355e+01
-9.011e-01 1.353e+01
-9.225e-01 1.344e+01
-9.125e-01 1.331e+01
