Reference: Michael, J.V.; Lim, K.P. // J. Chem. Phys. 97 (1992), 3228.
Systematic error = 6.846e-01, total error = 6.906e-01
lg T, eV; lg K
-5.660e-01 1.345e+01
-5.776e-01 1.332e+01
-5.799e-01 1.330e+01
-6.137e-01 1.337e+01
-6.387e-01 1.331e+01
-6.386e-01 1.326e+01
-6.758e-01 1.331e+01
-6.869e-01 1.334e+01
-6.740e-01 1.338e+01
-6.939e-01 1.324e+01
-7.098e-01 1.323e+01
-7.318e-01 1.332e+01
-7.590e-01 1.334e+01
-7.588e-01 1.328e+01
-7.888e-01 1.333e+01
-7.845e-01 1.336e+01
-7.787e-01 1.343e+01
-7.919e-01 1.350e+01
-8.019e-01 1.356e+01
-8.074e-01 1.355e+01
-8.100e-01 1.340e+01
-8.222e-01 1.344e+01
-8.327e-01 1.340e+01
-8.166e-01 1.328e+01
-8.179e-01 1.325e+01
-8.389e-01 1.320e+01
-8.518e-01 1.336e+01
-8.556e-01 1.346e+01
-8.675e-01 1.319e+01
-8.865e-01 1.336e+01
-8.989e-01 1.330e+01
-9.034e-01 1.331e+01
-9.078e-01 1.333e+01
-9.144e-01 1.338e+01
-9.112e-01 1.343e+01
-9.166e-01 1.345e+01
-9.185e-01 1.320e+01
