Reference: Cheah, C.T.; Clyne, M.A.A. // J. Chem. Soc. Faraday Trans. 2. 76 (1980), 1543.
Systematic error = 7.808e-01, total error = 7.815e-01
lg T, eV; lg K
-1.590e+00 1.339e+01
-1.590e+00 1.350e+01
-1.590e+00 1.344e+01
-1.590e+00 1.346e+01
-1.590e+00 1.347e+01
-1.590e+00 1.344e+01
-1.590e+00 1.344e+01
-1.590e+00 1.347e+01
-1.590e+00 1.346e+01
-1.590e+00 1.347e+01
-1.590e+00 1.343e+01
-1.590e+00 1.346e+01
-1.590e+00 1.349e+01
-1.590e+00 1.346e+01
-1.590e+00 1.350e+01
-1.590e+00 1.349e+01
-1.590e+00 1.347e+01
-1.590e+00 1.349e+01
-1.590e+00 1.343e+01
-1.590e+00 1.344e+01
-1.590e+00 1.346e+01
-1.590e+00 1.340e+01
-1.590e+00 1.346e+01
-1.590e+00 1.345e+01
-1.590e+00 1.343e+01
-1.590e+00 1.344e+01
-1.590e+00 1.345e+01
-1.590e+00 1.339e+01
-1.590e+00 1.339e+01
-1.590e+00 1.337e+01
-1.590e+00 1.345e+01
-1.590e+00 1.345e+01
-1.590e+00 1.342e+01
-1.590e+00 1.338e+01
-1.590e+00 1.344e+01
-1.590e+00 1.346e+01
-1.590e+00 1.341e+01
